4412273,2017-06-12,1,0,151
4412273,2017-06-12,1,1,101
4412273,2017-06-12,1,2,51
4412273,2017-06-12,1,3,29
4412273,2017-06-12,1,4,29
4412273,2017-06-12,1,5,49
4412273,2017-06-12,1,6,183
4412273,2017-06-12,1,7,1251
4412273,2017-06-12,1,8,1753
4412273,2017-06-12,1,9,1459
4412273,2017-06-12,1,10,1305
4412273,2017-06-12,1,11,853
4412273,2017-06-12,1,12,863
4412273,2017-06-12,1,13,841
4412273,2017-06-12,1,14,1029
4412273,2017-06-12,1,15,1029
4412273,2017-06-12,1,16,1001
4412273,2017-06-12,1,17,1111
4412273,2017-06-12,1,18,1295
4412273,2017-06-12,1,19,1015
4412273,2017-06-12,1,20,784
4412273,2017-06-12,1,21,498
4412273,2017-06-12,1,22,290
4412273,2017-06-12,1,23,137
4412273,2017-06-13,2,0,119
4412273,2017-06-13,2,1,67
4412273,2017-06-13,2,2,35
4412273,2017-06-13,2,3,21
4412273,2017-06-13,2,4,13
4412273,2017-06-13,2,5,22
4412273,2017-06-13,2,6,82
4412273,2017-06-13,2,7,723
4412273,2017-06-13,2,8,1242
4412273,2017-06-13,2,9,1204
4412273,2017-06-13,2,10,1186
4412273,2017-06-13,2,11,877
4412273,2017-06-13,2,12,675
4412273,2017-06-13,2,13,766
4412273,2017-06-13,2,14,870
4412273,2017-06-13,2,15,908
4412273,2017-06-13,2,16,971
4412273,2017-06-13,2,17,907
4412273,2017-06-13,2,18,1248
4412273,2017-06-13,2,19,854
4412273,2017-06-13,2,20,641
4412273,2017-06-13,2,21,531
4412273,2017-06-13,2,22,411
4412273,2017-06-13,2,23,220
4412273,2017-06-14,3,0,126
4412273,2017-06-14,3,1,95
4412273,2017-06-14,3,2,47
4412273,2017-06-14,3,3,33
4412273,2017-06-14,3,4,39
4412273,2017-06-14,3,5,37
4412273,2017-06-14,3,6,121
4412273,2017-06-14,3,7,1004
4412273,2017-06-14,3,8,1449
4412273,2017-06-14,3,9,1081
4412273,2017-06-14,3,10,1456
4412273,2017-06-14,3,11,1205
4412273,2017-06-14,3,12,815
4412273,2017-06-14,3,13,822
4412273,2017-06-14,3,14,1051
4412273,2017-06-14,3,15,1030
4412273,2017-06-14,3,16,1003
4412273,2017-06-14,3,17,1066
4412273,2017-06-14,3,18,1340
4412273,2017-06-14,3,19,1052
4412273,2017-06-14,3,20,754
4412273,2017-06-14,3,21,578
4412273,2017-06-14,3,22,457
4412273,2017-06-14,3,23,276
4412273,2017-06-15,4,0,173
4412273,2017-06-15,4,1,99
4412273,2017-06-15,4,2,51
4412273,2017-06-15,4,3,35
4412273,2017-06-15,4,4,32
4412273,2017-06-15,4,5,36
4412273,2017-06-15,4,6,142
4412273,2017-06-15,4,7,1111
4412273,2017-06-15,4,8,1533
4412273,2017-06-15,4,9,1469
4412273,2017-06-15,4,10,1500
4412273,2017-06-15,4,11,1063
4412273,2017-06-15,4,12,793
4412273,2017-06-15,4,13,809
4412273,2017-06-15,4,14,1017
4412273,2017-06-15,4,15,971
4412273,2017-06-15,4,16,1062
4412273,2017-06-15,4,17,1136
4412273,2017-06-15,4,18,1362
4412273,2017-06-15,4,19,1075
4412273,2017-06-15,4,20,832
4412273,2017-06-15,4,21,656
4412273,2017-06-15,4,22,447
4412273,2017-06-15,4,23,287
4412273,2017-06-16,5,0,165
4412273,2017-06-16,5,1,107
4412273,2017-06-16,5,2,48
4412273,2017-06-16,5,3,33
4412273,2017-06-16,5,4,36
4412273,2017-06-16,5,5,42
4412273,2017-06-16,5,6,115
4412273,2017-06-16,5,7,935
4412273,2017-06-16,5,8,1374
4412273,2017-06-16,5,9,1401
4412273,2017-06-16,5,10,1454
4412273,2017-06-16,5,11,1152
4412273,2017-06-16,5,12,800
4412273,2017-06-16,5,13,841
4412273,2017-06-16,5,14,1032
4412273,2017-06-16,5,15,1058
4412273,2017-06-16,5,16,1136
4412273,2017-06-16,5,17,1302
4412273,2017-06-16,5,18,1226
4412273,2017-06-16,5,19,1075
4412273,2017-06-16,5,20,894
4412273,2017-06-16,5,21,750
4412273,2017-06-16,5,22,546
4412273,2017-06-16,5,23,343
4412273,2017-06-17,6,0,181
4412273,2017-06-17,6,1,104
4412273,2017-06-17,6,2,84
4412273,2017-06-17,6,3,41
4412273,2017-06-17,6,4,37
4412273,2017-06-17,6,5,36
4412273,2017-06-17,6,6,86
4412273,2017-06-17,6,7,407
4412273,2017-06-17,6,8,730
4412273,2017-06-17,6,9,884
4412273,2017-06-17,6,10,940
4412273,2017-06-17,6,11,846
4412273,2017-06-17,6,12,759
4412273,2017-06-17,6,13,690
4412273,2017-06-17,6,14,760
4412273,2017-06-17,6,15,823
4412273,2017-06-17,6,16,812
4412273,2017-06-17,6,17,1049
4412273,2017-06-17,6,18,945
4412273,2017-06-17,6,19,641
4412273,2017-06-17,6,20,512
4412273,2017-06-17,6,21,479
4412273,2017-06-17,6,22,444
4412273,2017-06-17,6,23,269
4412273,2017-06-18,7,0,166
4412273,2017-06-18,7,1,96
4412273,2017-06-18,7,2,56
4412273,2017-06-18,7,3,48
4412273,2017-06-18,7,4,33
4412273,2017-06-18,7,5,45
4412273,2017-06-18,7,6,77
4412273,2017-06-18,7,7,226
4412273,2017-06-18,7,8,400
4412273,2017-06-18,7,9,550
4412273,2017-06-18,7,10,775
4412273,2017-06-18,7,11,702
4412273,2017-06-18,7,12,615
4412273,2017-06-18,7,13,603
4412273,2017-06-18,7,14,747
4412273,2017-06-18,7,15,842
4412273,2017-06-18,7,16,881
4412273,2017-06-18,7,17,987
4412273,2017-06-18,7,18,819
4412273,2017-06-18,7,19,611
4412273,2017-06-18,7,20,648
4412273,2017-06-18,7,21,682
4412273,2017-06-18,7,22,466
4412273,2017-06-18,7,23,283
4412421,2017-06-12,1,0,190
4412421,2017-06-12,1,1,89
4412421,2017-06-12,1,2,69
4412421,2017-06-12,1,3,33
4412421,2017-06-12,1,4,38
4412421,2017-06-12,1,5,72
4412421,2017-06-12,1,6,242
4412421,2017-06-12,1,7,2589
4412421,2017-06-12,1,8,2956
4412421,2017-06-12,1,9,2564
4412421,2017-06-12,1,10,1692
4412421,2017-06-12,1,11,1246
4412421,2017-06-12,1,12,928
4412421,2017-06-12,1,13,949
4412421,2017-06-12,1,14,1237
4412421,2017-06-12,1,15,1078
4412421,2017-06-12,1,16,998
4412421,2017-06-12,1,17,1175
4412421,2017-06-12,1,18,1119
4412421,2017-06-12,1,19,749
4412421,2017-06-12,1,20,620
4412421,2017-06-12,1,21,719
4412421,2017-06-12,1,22,465
4412421,2017-06-12,1,23,266
4412421,2017-06-13,2,0,161
4412421,2017-06-13,2,1,107
4412421,2017-06-13,2,2,77
4412421,2017-06-13,2,3,42
4412421,2017-06-13,2,4,28
4412421,2017-06-13,2,5,58
4412421,2017-06-13,2,6,184
4412421,2017-06-13,2,7,2121
4412421,2017-06-13,2,8,2665
4412421,2017-06-13,2,9,2150
4412421,2017-06-13,2,10,1502
4412421,2017-06-13,2,11,1031
4412421,2017-06-13,2,12,762
4412421,2017-06-13,2,13,891
4412421,2017-06-13,2,14,1183
4412421,2017-06-13,2,15,1068
4412421,2017-06-13,2,16,1020
4412421,2017-06-13,2,17,1227
4412421,2017-06-13,2,18,1199
4412421,2017-06-13,2,19,642
4412421,2017-06-13,2,20,625
4412421,2017-06-13,2,21,568
4412421,2017-06-13,2,22,483
4412421,2017-06-13,2,23,316
4412421,2017-06-14,3,0,163
4412421,2017-06-14,3,1,94
4412421,2017-06-14,3,2,67
4412421,2017-06-14,3,3,37
4412421,2017-06-14,3,4,35
4412421,2017-06-14,3,5,72
4412421,2017-06-14,3,6,206
4412421,2017-06-14,3,7,1973
4412421,2017-06-14,3,8,2812
4412421,2017-06-14,3,9,2150
4412421,2017-06-14,3,10,1690
4412421,2017-06-14,3,11,1133
4412421,2017-06-14,3,12,811
4412421,2017-06-14,3,13,955
4412421,2017-06-14,3,14,1145
4412421,2017-06-14,3,15,1129
4412421,2017-06-14,3,16,1132
4412421,2017-06-14,3,17,1222
4412421,2017-06-14,3,18,1250
4412421,2017-06-14,3,19,763
4412421,2017-06-14,3,20,622
4412421,2017-06-14,3,21,626
4412421,2017-06-14,3,22,482
4412421,2017-06-14,3,23,285
4412421,2017-06-15,4,0,162
4412421,2017-06-15,4,1,102
4412421,2017-06-15,4,2,65
4412421,2017-06-15,4,3,42
4412421,2017-06-15,4,4,28
4412421,2017-06-15,4,5,60
4412421,2017-06-15,4,6,192
4412421,2017-06-15,4,7,2168
4412421,2017-06-15,4,8,2874
4412421,2017-06-15,4,9,2144
4412421,2017-06-15,4,10,1517
4412421,2017-06-15,4,11,1210
4412421,2017-06-15,4,12,870
4412421,2017-06-15,4,13,1003
4412421,2017-06-15,4,14,1171
4412421,2017-06-15,4,15,1201
4412421,2017-06-15,4,16,1115
4412421,2017-06-15,4,17,1299
4412421,2017-06-15,4,18,1220
4412421,2017-06-15,4,19,721
4412421,2017-06-15,4,20,621
4412421,2017-06-15,4,21,640
4412421,2017-06-15,4,22,476
4412421,2017-06-15,4,23,277
4412421,2017-06-16,5,0,186
4412421,2017-06-16,5,1,116
4412421,2017-06-16,5,2,75
4412421,2017-06-16,5,3,40
4412421,2017-06-16,5,4,32
4412421,2017-06-16,5,5,63
4412421,2017-06-16,5,6,225
4412421,2017-06-16,5,7,2030
4412421,2017-06-16,5,8,2694
4412421,2017-06-16,5,9,2084
4412421,2017-06-16,5,10,1570
4412421,2017-06-16,5,11,1151
4412421,2017-06-16,5,12,923
4412421,2017-06-16,5,13,986
4412421,2017-06-16,5,14,1142
4412421,2017-06-16,5,15,1374
4412421,2017-06-16,5,16,1226
4412421,2017-06-16,5,17,1377
4412421,2017-06-16,5,18,1366
4412421,2017-06-16,5,19,917
4412421,2017-06-16,5,20,663
4412421,2017-06-16,5,21,837
4412421,2017-06-16,5,22,640
4412421,2017-06-16,5,23,339
4412421,2017-06-17,6,0,180
4412421,2017-06-17,6,1,125
4412421,2017-06-17,6,2,74
4412421,2017-06-17,6,3,50
4412421,2017-06-17,6,4,36
4412421,2017-06-17,6,5,59
4412421,2017-06-17,6,6,175
4412421,2017-06-17,6,7,510
4412421,2017-06-17,6,8,905
4412421,2017-06-17,6,9,1328
4412421,2017-06-17,6,10,1382
4412421,2017-06-17,6,11,1432
4412421,2017-06-17,6,12,1062
4412421,2017-06-17,6,13,1074
4412421,2017-06-17,6,14,1261
4412421,2017-06-17,6,15,1251
4412421,2017-06-17,6,16,1271
4412421,2017-06-17,6,17,1355
4412421,2017-06-17,6,18,1262
4412421,2017-06-17,6,19,766
4412421,2017-06-17,6,20,714
4412421,2017-06-17,6,21,776
4412421,2017-06-17,6,22,540
4412421,2017-06-17,6,23,321
4412421,2017-06-18,7,0,161
4412421,2017-06-18,7,1,130
4412421,2017-06-18,7,2,80
4412421,2017-06-18,7,3,42
4412421,2017-06-18,7,4,45
4412421,2017-06-18,7,5,51
4412421,2017-06-18,7,6,122
4412421,2017-06-18,7,7,389
4412421,2017-06-18,7,8,648
4412421,2017-06-18,7,9,949
4412421,2017-06-18,7,10,1117
4412421,2017-06-18,7,11,1193
4412421,2017-06-18,7,12,910
4412421,2017-06-18,7,13,865
4412421,2017-06-18,7,14,1243
4412421,2017-06-18,7,15,1307
4412421,2017-06-18,7,16,1239
4412421,2017-06-18,7,17,1396
4412421,2017-06-18,7,18,1114
4412421,2017-06-18,7,19,827
4412421,2017-06-18,7,20,889
4412421,2017-06-18,7,21,905
4412421,2017-06-18,7,22,505
4412421,2017-06-18,7,23,258
4412421,2017-06-19,1,0,128
4412421,2017-06-19,1,1,89
4412421,2017-06-19,1,2,55
4412421,2017-06-19,1,3,42
4412421,2017-06-19,1,4,30
4412421,2017-06-19,1,5,56
4412421,2017-06-19,1,6,267
4412421,2017-06-19,1,7,2375
4412421,2017-06-19,1,8,2517
4412421,2017-06-19,1,9,2317
4412421,2017-06-19,1,10,1616
4412421,2017-06-19,1,11,1106
4412421,2017-06-19,1,12,851
4412421,2017-06-19,1,13,903
4412421,2017-06-19,1,14,986
4412421,2017-06-19,1,15,988
4412421,2017-06-19,1,16,1001
4412421,2017-06-19,1,17,1135
4412421,2017-06-19,1,18,1128
4412421,2017-06-19,1,19,732
4412421,2017-06-19,1,20,562
4412421,2017-06-19,1,21,588
4412421,2017-06-19,1,22,397
4412421,2017-06-19,1,23,236
4412705,2017-06-12,1,0,285
4412705,2017-06-12,1,1,152
4412705,2017-06-12,1,2,104
4412705,2017-06-12,1,3,68
4412705,2017-06-12,1,4,61
4412705,2017-06-12,1,5,102
4412705,2017-06-12,1,6,888
4412705,2017-06-12,1,7,2745
4412705,2017-06-12,1,8,2760
4412705,2017-06-12,1,9,2153
4412705,2017-06-12,1,10,1671
4412705,2017-06-12,1,11,1364
4412705,2017-06-12,1,12,1148
4412705,2017-06-12,1,13,1387
4412705,2017-06-12,1,14,1625
4412705,2017-06-12,1,15,1715
4412705,2017-06-12,1,16,1759
4412705,2017-06-12,1,17,1683
4412705,2017-06-12,1,18,1871
4412705,2017-06-12,1,19,994
4412705,2017-06-12,1,20,863
4412705,2017-06-12,1,21,685
4412705,2017-06-12,1,22,450
4412705,2017-06-12,1,23,252
4412705,2017-06-13,2,0,188
4412705,2017-06-13,2,1,99
4412705,2017-06-13,2,2,76
4412705,2017-06-13,2,3,26
4412705,2017-06-13,2,4,33
4412705,2017-06-13,2,5,55
4412705,2017-06-13,2,6,485
4412705,2017-06-13,2,7,2098
4412705,2017-06-13,2,8,2346
4412705,2017-06-13,2,9,1758
4412705,2017-06-13,2,10,1403
4412705,2017-06-13,2,11,1094
4412705,2017-06-13,2,12,876
4412705,2017-06-13,2,13,1323
4412705,2017-06-13,2,14,1475
4412705,2017-06-13,2,15,1420
4412705,2017-06-13,2,16,1615
4412705,2017-06-13,2,17,1775
4412705,2017-06-13,2,18,1792
4412705,2017-06-13,2,19,980
4412705,2017-06-13,2,20,882
4412705,2017-06-13,2,21,845
4412705,2017-06-13,2,22,534
4412705,2017-06-13,2,23,385
4412705,2017-06-14,3,0,264
4412705,2017-06-14,3,1,156
4412705,2017-06-14,3,2,80
4412705,2017-06-14,3,3,62
4412705,2017-06-14,3,4,55
4412705,2017-06-14,3,5,86
4412705,2017-06-14,3,6,702
4412705,2017-06-14,3,7,2369
4412705,2017-06-14,3,8,2550
4412705,2017-06-14,3,9,1961
4412705,2017-06-14,3,10,1711
4412705,2017-06-14,3,11,1443
4412705,2017-06-14,3,12,1116
4412705,2017-06-14,3,13,1406
4412705,2017-06-14,3,14,1658
4412705,2017-06-14,3,15,1693
4412705,2017-06-14,3,16,1750
4412705,2017-06-14,3,17,1950
4412705,2017-06-14,3,18,1857
4412705,2017-06-14,3,19,1150
4412705,2017-06-14,3,20,979
4412705,2017-06-14,3,21,902
4412705,2017-06-14,3,22,693
4412705,2017-06-14,3,23,439
4412705,2017-06-15,4,0,272
4412705,2017-06-15,4,1,175
4412705,2017-06-15,4,2,98
4412705,2017-06-15,4,3,66
4412705,2017-06-15,4,4,63
4412705,2017-06-15,4,5,77
4412705,2017-06-15,4,6,704
4412705,2017-06-15,4,7,2404
4412705,2017-06-15,4,8,2746
4412705,2017-06-15,4,9,2070
4412705,2017-06-15,4,10,1845
4412705,2017-06-15,4,11,1482
4412705,2017-06-15,4,12,1111
4412705,2017-06-15,4,13,1428
4412705,2017-06-15,4,14,1668
4412705,2017-06-15,4,15,1751
4412705,2017-06-15,4,16,1863
4412705,2017-06-15,4,17,2018
4412705,2017-06-15,4,18,2147
4412705,2017-06-15,4,19,1244
4412705,2017-06-15,4,20,1095
4412705,2017-06-15,4,21,993
4412705,2017-06-15,4,22,721
4412705,2017-06-15,4,23,449
4412705,2017-06-16,5,0,282
4412705,2017-06-16,5,1,176
4412705,2017-06-16,5,2,95
4412705,2017-06-16,5,3,60
4412705,2017-06-16,5,4,60
4412705,2017-06-16,5,5,85
4412705,2017-06-16,5,6,520
4412705,2017-06-16,5,7,2017
4412705,2017-06-16,5,8,2536
4412705,2017-06-16,5,9,2070
4412705,2017-06-16,5,10,1762
4412705,2017-06-16,5,11,1469
4412705,2017-06-16,5,12,1227
4412705,2017-06-16,5,13,1417
4412705,2017-06-16,5,14,1612
4412705,2017-06-16,5,15,1796
4412705,2017-06-16,5,16,2063
4412705,2017-06-16,5,17,2101
4412705,2017-06-16,5,18,2022
4412705,2017-06-16,5,19,1275
4412705,2017-06-16,5,20,1071
4412705,2017-06-16,5,21,955
4412705,2017-06-16,5,22,687
4412705,2017-06-16,5,23,491
4412705,2017-06-17,6,0,330
4412705,2017-06-17,6,1,178
4412705,2017-06-17,6,2,124
4412705,2017-06-17,6,3,72
4412705,2017-06-17,6,4,44
4412705,2017-06-17,6,5,84
4412705,2017-06-17,6,6,275
4412705,2017-06-17,6,7,917
4412705,2017-06-17,6,8,1616
4412705,2017-06-17,6,9,1636
4412705,2017-06-17,6,10,1615
4412705,2017-06-17,6,11,1415
4412705,2017-06-17,6,12,1236
4412705,2017-06-17,6,13,1456
4412705,2017-06-17,6,14,1545
4412705,2017-06-17,6,15,1526
4412705,2017-06-17,6,16,1552
4412705,2017-06-17,6,17,1617
4412705,2017-06-17,6,18,1541
4412705,2017-06-17,6,19,1009
4412705,2017-06-17,6,20,926
4412705,2017-06-17,6,21,882
4412705,2017-06-17,6,22,656
4412705,2017-06-17,6,23,493
4412705,2017-06-18,7,0,364
4412705,2017-06-18,7,1,179
4412705,2017-06-18,7,2,124
4412705,2017-06-18,7,3,63
4412705,2017-06-18,7,4,62
4412705,2017-06-18,7,5,91
4412705,2017-06-18,7,6,244
4412705,2017-06-18,7,7,719
4412705,2017-06-18,7,8,1308
4412705,2017-06-18,7,9,1369
4412705,2017-06-18,7,10,1531
4412705,2017-06-18,7,11,1433
4412705,2017-06-18,7,12,1263
4412705,2017-06-18,7,13,1427
4412705,2017-06-18,7,14,1629
4412705,2017-06-18,7,15,1656
4412705,2017-06-18,7,16,1810
4412705,2017-06-18,7,17,1814
4412705,2017-06-18,7,18,1571
4412705,2017-06-18,7,19,1334
4412705,2017-06-18,7,20,1503
4412705,2017-06-18,7,21,1224
4412705,2017-06-18,7,22,836
4412705,2017-06-18,7,23,456
4412705,2017-06-19,1,0,221
4412705,2017-06-19,1,1,146
4412705,2017-06-19,1,2,89
4412705,2017-06-19,1,3,47
4412705,2017-06-19,1,4,50
4412705,2017-06-19,1,5,93
4412705,2017-06-19,1,6,865
4412705,2017-06-19,1,7,2824
4412705,2017-06-19,1,8,2804
4412705,2017-06-19,1,9,2038
4412705,2017-06-19,1,10,1671
4412705,2017-06-19,1,11,1329
4412705,2017-06-19,1,12,1025
4412705,2017-06-19,1,13,1345
4412705,2017-06-19,1,14,1738
4412705,2017-06-19,1,15,1647
4412705,2017-06-19,1,16,1641
4412705,2017-06-19,1,17,1912
4412705,2017-06-19,1,18,1893
4412705,2017-06-19,1,19,1185
4412705,2017-06-19,1,20,960
4412705,2017-06-19,1,21,836
4412705,2017-06-19,1,22,600
4412705,2017-06-19,1,23,400
4412273,2017-06-19,1,0,154
4412273,2017-06-19,1,1,81
4412273,2017-06-19,1,2,44
4412273,2017-06-19,1,3,26
4412273,2017-06-19,1,4,24
4412273,2017-06-19,1,5,37
4412273,2017-06-19,1,6,174
4412273,2017-06-19,1,7,1266
4412273,2017-06-19,1,8,1790
4412273,2017-06-19,1,9,1454
4412273,2017-06-19,1,10,1470
4412273,2017-06-19,1,11,1226
4412273,2017-06-19,1,12,802
4412273,2017-06-19,1,13,876
4412273,2017-06-19,1,14,1100
4412273,2017-06-19,1,15,952
4412273,2017-06-19,1,16,1014
4412273,2017-06-19,1,17,1117
4412273,2017-06-19,1,18,1310
4412273,2017-06-19,1,19,1104
4412273,2017-06-19,1,20,810
4412273,2017-06-19,1,21,665
4412273,2017-06-19,1,22,449
4412273,2017-06-19,1,23,249
4412421,2017-06-12,0,190